100
41 85 72 38 80 69 65 68 96 22 49 67 51 61 63 87 66 24 80 83 71 60 64 52 90 60 49 31 23 99 94 11 25 24 51 15 13 39 67 97 19 76 12 33 99 18 92 35 74 0 95 71 39 33 39 32 37 45 57 71 95 5 71 24 86 8 51 54 74 24 75 70 33 63 29 99 58 94 52 13 35 99 46 57 71 23 17 3 94 48 77 18 83 11 83 25 59 62 2 78
100
34 61
40 52
5 47
78 84
74 77
22 90
25 97
71 80
78 80
98 98
87 91
62 95
56 73
56 60
32 78
51 51
42 54
67 97
8 67
8 92
58 90
54 97
46 100
10 31
22 45
23 87
7 65
14 37
1 92
63 84
11 70
25 42
49 84
96 97
3 49
92 94
75 97
97 98
49 56
69 73
82 85
54 79
19 77
1 89
28 57
29 90
49 68
8 11
11 58
14 45
10 73
36 67
1 50
20 67
99 100
25 89
45 62
90 100
96 96
94 94
24 71
15 58
49 81
59 83
81 97
99 100
90 98
10 49
73 91
39 55
39 100
91 98
59 76
16 39
57 84
3 89
73 80
29 67
63 85
76 84
70 93
45 61
82 84
23 32
22 33
58 68
93 98
76 88
1 11
4 4
62 86
2 89
56 99
3 4
83 90
89 99
18 37
33 93
70 85
22 68